date,open,high,low,close,volume
2014-01-02,105.0467,105.0648,103.6748,103.8553,1069011
2014-01-03,104.0178,104.3878,103.8372,103.9907,741591
2014-01-06,104.2434,104.9745,103.6296,103.6657,877714
2014-01-07,103.9185,104.5413,103.4852,104.2344,941690
2014-01-08,104.2254,104.8247,104.108,104.5232,2240742
2014-01-09,105.0467,105.471,104.6947,105.1731,1795766
2014-01-10,105.0467,105.119,104.3969,104.7038,837274
2014-01-13,104.4149,104.8391,102.7992,103.2144,1118484
2014-01-14,102.9075,103.8011,102.7631,103.6206,834211
2014-01-15,103.8914,104.5323,103.7741,103.8192,1001782
2014-01-16,103.747,104.0494,102.709,103.5033,1090819
2014-01-17,102.8895,103.5845,99.5227,101.0843,2671947
2014-01-21,99.5859,101.6078,99.288,100.8857,2490850
2014-01-22,100.9398,101.698,100.7774,101.6349,939884
2014-01-23,101.1926,101.4363,100.4705,100.9579,1290921
2014-01-24,100.3351,101.1068,100.0733,100.4344,1303253
2014-01-27,100.3351,101.3009,99.8386,99.8838,1885783
2014-01-28,100.1726,100.5066,99.5137,100.4163,986110
2014-01-29,99.6762,101.6935,99.5408,100.8135,1452107
2014-01-30,101.2648,102.023,100.8721,101.8154,692060
2014-01-31,100.4073,101.346,100.3983,100.651,840339
2014-02-03,100.5156,100.9398,98.5298,98.6562,1396666
2014-02-04,99.3783,100.2548,98.8006,100.0462,1261277
2014-02-05,99.8206,101.003,99.7032,100.5066,683230
2014-02-06,100.642,101.5356,100.5066,101.4724,567144
2014-02-07,101.8244,102.7541,101.4634,101.9959,771032
2014-02-10,101.8695,102.3118,101.2648,101.9417,537078
2014-02-11,101.9147,103.1332,101.4498,102.8895,565520
2014-02-12,102.7902,103.6116,101.8786,102.1674,942219
2014-02-13,101.6258,102.4833,100.8225,102.3208,822838
2014-02-14,102.3931,103.0159,102.3931,102.9527,347334
2014-02-18,103.1783,103.5304,102.4653,102.6548,384332
2014-02-19,102.8263,103.1151,101.2106,101.3099,942136
2014-02-20,101.4995,102.0861,100.4614,101.4814,710062
2014-02-21,101.4453,102.6711,101.3009,102.4562,770171
2014-02-24,102.3479,104.2976,102.041,103.7109,723975
2014-02-25,103.5213,103.8372,102.8904,103.3408,750823
2014-02-26,103.5213,104.9475,102.727,104.451,658846
2014-02-27,104.4419,105.0504,103.5157,105.0504,791554
2014-02-28,105.1049,106.9029,104.9959,105.8767,813745
2014-03-03,104.8415,105.3046,104.224,105.0504,532404
2014-03-04,105.6951,107.139,105.6951,107.0119,702372
2014-03-05,106.8393,106.9211,106.1764,106.576,686995
2014-03-06,106.912,108.3377,106.912,107.9836,730728
2014-03-07,108.9189,109.5728,107.8019,108.4104,968707
2014-03-10,108.1198,108.9098,108.0653,108.3831,590937
2014-03-11,108.4104,108.5194,106.5488,107.3297,901138
2014-03-12,106.8938,107.5568,106.4398,107.4841,566340
2014-03-13,107.9382,108.0653,106.1401,106.5215,700635
2014-03-14,106.2582,107.3206,106.1764,106.6396,658372
2014-03-17,107.021,107.4205,106.358,106.8938,576261
2014-03-18,107.3479,107.5023,106.6305,107.1753,491459
2014-03-19,107.1935,108.3831,106.6214,107.4024,761483
2014-03-20,107.0573,109.9451,106.6723,109.8452,1175051
2014-03-21,110.6443,111.7341,109.7544,109.9996,1404128
2014-03-24,110.2357,111.2927,109.3639,109.9269,825285
2014-03-25,110.3083,110.5717,109.3548,110.0359,628154
2014-03-26,110.4264,110.9077,109.8089,109.8634,679493
2014-03-27,109.6727,110.154,108.4649,108.5738,1056916
2014-03-28,108.9734,109.8543,108.5375,109.373,673006
2014-03-31,109.8634,110.3265,109.5001,110.154,680846
2014-04-01,110.608,110.7079,109.5909,110.5808,620982
2014-04-02,110.7533,110.7533,109.8089,110.0995,600433
2014-04-03,110.154,110.7079,109.7907,110.6443,541430
2014-04-04,110.826,111.5706,109.4184,109.4729,566259
2014-04-07,109.4638,109.5092,108.4285,108.8826,650734
2014-04-08,108.8463,110.1176,108.3105,109.8543,1259819
2014-04-09,110.1358,110.5989,109.5546,110.1994,734083
2014-04-10,110.1812,110.3265,107.5568,107.5749,1124076
2014-04-11,106.694,107.9618,105.4318,107.357,1196946
2014-04-14,108.4285,110.9713,108.1289,109.7453,1296451
2014-04-15,110.0177,110.826,108.1198,109.3276,1170079
2014-04-16,109.7181,110.6353,109.5546,110.4627,795476
2014-04-17,110.3356,110.7261,109.6999,110.3719,700623
2014-04-21,110.3719,110.9531,109.6999,110.0359,547681
2014-04-22,109.9269,111.4162,109.482,110.7442,538581
2014-04-23,110.7261,111.7522,110.2357,111.6887,649844
2014-04-24,112.6059,112.7512,111.1529,111.616,878752
2014-04-25,111.616,111.616,110.5354,111.0076,602784
2014-04-28,111.3617,111.478,109.7907,110.6897,888331
2014-04-29,110.9803,111.6977,110.2993,110.4355,521326
2014-04-30,110.3447,110.885,109.8997,110.7987,677248
2014-05-01,110.9985,111.1801,110.045,110.3265,557008
2014-05-02,110.5717,111.6796,109.9996,110.608,436796
2014-05-05,110.163,110.4172,109.6273,110.2902,559056
2014-05-06,109.9814,110.154,108.3286,108.4376,596079
2014-05-07,108.8735,109.8543,108.5466,109.7998,674483
2014-05-08,109.7453,110.4173,109.3185,109.8089,531700
2014-05-09,109.7725,110.2811,108.8554,110.2175,754233
2014-05-12,111.9702,112.0973,110.481,111.7431,777215
2014-05-13,111.6977,111.6977,110.6262,110.7624,579955
2014-05-14,110.8804,110.8804,108.6329,108.7918,513003
2014-05-15,108.0653,108.4503,106.3853,107.811,744501
2014-05-16,107.7202,108.1924,106.9302,107.6657,797063
2014-05-19,107.2843,109.2186,107.2843,109.0733,765698
2014-05-20,109.0188,109.0915,107.7565,108.4195,575807
2014-05-21,108.6011,109.4638,108.2106,109.0188,426343
2014-05-22,109.0097,109.6727,108.8735,109.6727,868803
2014-05-23,109.482,110.1267,109.1459,110.0359,361915
2014-05-27,110.4718,111.2346,109.9714,110.2902,415235
2014-05-28,110.4536,110.944,109.6909,110.8895,700939
2014-05-29,110.5151,110.8987,109.6748,110.1863,996652
2014-05-30,109.8758,111.5746,109.8758,110.853,1127487
2014-06-02,110.8713,111.0631,109.8849,110.9261,793488
2014-06-03,110.6704,112.0769,110.6704,111.6933,684686
2014-06-04,111.3828,112.0039,111.1362,111.4376,507318
2014-06-05,111.6294,112.5906,111.0905,112.561,499464
2014-06-06,112.8624,113.6205,112.424,113.0085,507483
2014-06-09,112.9446,114.7256,112.4971,114.7256,959283
2014-06-10,114.2964,114.9905,113.8671,113.8854,708064
2014-06-11,113.6388,113.6936,112.6889,112.9081,798436
2014-06-12,112.8167,113.2825,112.1957,112.2505,689312
2014-06-13,112.5975,113.3373,111.9034,112.0404,980977
2014-06-16,111.8943,111.9947,111.3006,111.3736,884671
2014-06-17,111.264,113.3008,111.264,112.9629,670845
2014-06-18,112.9355,113.3739,112.0313,113.1547,539311
2014-06-19,113.1821,113.1821,112.1409,112.9081,618804
2014-06-20,113.5566,114.3603,113.383,113.9219,1156371
2014-06-23,113.9858,114.1594,113.2003,113.4652,781567
2014-06-24,113.2003,114.068,112.6432,112.8259,886670
2014-06-25,112.4331,113.6114,111.7481,113.4104,985379
2014-06-26,113.1273,113.4744,112.3144,113.0907,497896
2014-06-27,112.7528,113.6388,112.3418,113.3647,573710
2014-06-30,113.4287,113.6479,112.7985,113.3008,667904
2014-07-01,113.7575,114.8078,113.4287,114.1411,636000
2014-07-02,113.9676,114.3603,112.9172,113.0999,603263
2014-07-03,113.4378,114.2918,113.2825,114.1137,388088
2014-07-07,113.7849,114.1046,113.2917,113.8488,543165
2014-07-08,113.5109,113.8671,112.3601,112.5975,479511
2014-07-09,112.9081,113.4104,112.0952,112.1774,591221
2014-07-10,110.9718,111.5837,110.4877,111.1453,672941
2014-07-11,110.8439,111.4741,110.2228,111.4376,553641
2014-07-14,112.5701,112.6149,111.054,111.0905,419933
2014-07-15,111.6477,112.6615,111.3462,112.4971,558194
2014-07-16,112.5975,112.8259,111.0722,111.6659,899471
2014-07-17,112.1865,112.1865,110.853,111.4833,660506
2014-07-18,112.1865,112.1865,110.853,111.4833,660506
2014-07-21,111.5198,111.8486,110.8713,111.8395,501943
2014-07-22,111.9673,113.0085,111.6842,111.7116,771647
2014-07-23,111.5929,112.0495,111.0996,111.8577,452346
2014-07-24,112.1226,113.0725,111.8349,112.8624,743644
2014-07-25,112.5884,113.6936,112.5884,113.4378,591751
2014-07-28,113.0451,113.2095,111.7116,112.0495,496373
2014-07-29,111.8943,112.5062,111.6385,111.6385,423265
2014-07-30,112.2322,112.6501,111.2732,112.0769,444268
2014-07-31,111.6294,111.8851,110.6886,110.9718,857588
2014-08-01,109.8484,109.9032,108.6427,109.7205,444972
2014-08-04,109.8484,109.9032,108.6427,109.7205,444972
2014-08-05,109.1451,110.4146,108.924,109.41,491017
2014-08-06,109.2729,110.369,109.2547,109.6292,322124
2014-08-07,109.6931,109.9397,108.2865,108.524,481524
2014-08-08,108.5057,109.547,108.2409,109.5104,390702
2014-08-11,109.6018,109.6657,109.1177,109.2182,357396
2014-08-12,109.1359,109.5196,108.7523,109.1451,460974
2014-08-13,109.5561,110.0858,109.0857,109.8118,534126
2014-08-14,109.7936,110.1953,109.5104,109.6931,283843
2014-08-15,109.9214,110.4786,108.7797,109.5652,480010
2014-08-18,110.0036,110.8804,109.7981,110.579,309833
2014-08-19,110.8804,111.4101,110.6064,110.8804,313193
2014-08-20,110.5151,111.0083,110.1406,110.8804,353150
2014-08-21,110.9809,112.8167,110.7982,112.6067,543605
2014-08-22,112.2322,112.8715,111.9308,112.0404,394063
2014-08-25,112.4697,113.5109,112.2687,113.0725,690645
2014-08-26,112.9537,113.584,112.9537,113.4196,666260
2014-08-27,113.7118,113.7118,112.9172,113.0542,453177
2014-08-28,112.6684,112.9991,111.9519,112.6684,326482
2014-08-29,112.6868,113.6145,112.5949,113.5594,359844
2014-09-02,113.8992,114.3126,113.1921,114.2759,409759
2014-09-03,114.3126,114.5927,113.3206,113.5226,396218
2014-09-04,113.5318,114.8086,113.293,113.9819,355299
2014-09-05,113.7155,114.3769,113.0909,114.3401,336937
2014-09-08,114.1197,114.5882,113.9485,114.4412,369582
2014-09-09,113.9911,114.3126,113.2471,113.7155,568457
2014-09-10,113.5869,115.1852,113.5869,114.8453,533966
2014-09-11,114.533,115.6445,113.9545,115.4975,531181
2014-09-12,115.5067,116.563,115.2128,115.6812,512153
2014-09-15,115.5251,115.9476,114.9556,115.4424,392135
2014-09-16,115.323,115.819,114.7259,115.4608,523557
2014-09-17,115.4148,116.8294,115.1393,116.0027,523250
2014-09-18,116.0762,117.3438,116.0762,116.7835,578799
2014-09-19,117.6836,118.2072,117.1325,117.2795,917773
2014-09-22,116.6549,117.2244,116.168,116.2966,418698
2014-09-23,116.2048,116.6457,115.1393,115.1485,482069
2014-09-24,115.0382,115.6789,114.7627,115.4424,468261
2014-09-25,115.4516,115.4516,113.7707,114.0278,448551
2014-09-26,113.8901,114.7259,113.6696,114.6616,534625
2014-09-29,113.6604,114.4228,113.4124,114.2024,330302
2014-09-30,114.0921,114.3401,113.1001,113.2471,719251
2014-10-01,113.2195,113.2655,112.1265,112.3194,996466
2014-10-02,112.3194,112.696,111.3733,112.2551,1059709
2014-10-03,113.0817,113.688,112.4388,113.3022,1005999
2014-10-06,113.5594,113.835,112.7419,112.8613,443914
2014-10-07,112.2183,112.5582,111.1069,111.1344,761916
2014-10-08,111.1436,113.4859,111.1023,113.4308,604977
2014-10-09,113.4492,113.4492,111.1436,111.1528,608261
2014-10-10,111.1987,112.0805,110.17,110.1883,758208
2014-10-13,110.4915,111.0701,109.2147,109.2514,522093
2014-10-14,109.3065,111.263,109.3065,110.1332,623530
2014-10-15,108.985,109.1504,105.118,106.4315,1509849
2014-10-16,104.8149,107.1204,104.4934,106.6979,1105780
2014-10-17,104.6312,106.2478,103.5473,103.6667,1411376
2014-10-20,103.2625,104.2178,103.2625,103.8779,868191
2014-10-21,104.3923,105.7242,104.2637,105.7058,729239
2014-10-22,105.8436,106.9091,105.4395,105.5589,779748
2014-10-23,106.854,107.0377,105.9079,106.1467,884812
2014-10-24,105.8804,106.9826,105.8804,106.8908,502572
2014-10-27,106.5509,107.7175,106.4774,107.5246,657038
2014-10-28,107.644,108.8473,107.6348,108.8289,763942
2014-10-29,111.7682,112.898,111.4284,112.8246,463719
2014-10-30,114.1473,115.7547,114.0148,115.3873,744727
2014-10-31,110.5833,112.549,110.0965,112.2275,1249876
2014-11-03,112.6317,112.7603,111.5937,111.7866,451596
2014-11-04,111.7499,111.9979,110.5649,111.3916,510321
2014-11-05,111.7682,112.898,111.4284,112.8246,463719
2014-11-06,113.0634,114.2942,112.5582,114.2942,686419
2014-11-07,114.1748,114.6708,113.3298,114.3953,525538
2014-11-10,114.1473,114.9464,113.8992,114.5055,421450
2014-11-11,114.3126,114.8178,114.2116,114.68,350149
2014-11-12,114.1473,115.7547,114.0148,115.3873,744727
2014-11-13,115.3322,115.7363,114.7259,115.1485,411526
2014-11-14,114.8729,115.5894,114.432,114.7627,406112
2014-11-17,114.9648,114.9739,113.6512,114.5514,472792
2014-11-18,114.4871,114.8178,113.9635,114.5973,683391
2014-11-19,114.432,114.6249,113.0909,114.4687,688181
2014-11-20,113.8258,114.6938,113.6237,114.6433,512579
2014-11-21,115.6353,115.8374,114.2575,114.5239,680628
2014-11-24,115.0934,115.966,115.0199,115.7823,377442
2014-11-25,115.8282,116.1772,115.3505,115.9384,465054
2014-11-26,115.9384,116.8159,115.375,116.7143,645406
2014-11-28,116.936,117.1207,116.1971,116.4003,410890
2014-12-01,115.5874,116.0954,114.479,114.7192,989460
2014-12-02,114.9963,116.7051,114.9409,116.1232,621864
2014-12-03,115.5597,117.8319,115.5597,117.3054,754361
2014-12-04,117.3424,118.049,116.6774,117.6564,650620
2014-12-05,117.8596,119.1158,117.8227,118.2568,739753
2014-12-08,118.2106,118.7949,117.5087,118.0998,582948
2014-12-09,116.6496,118.3215,116.2987,118.0444,1051094
2014-12-10,117.0745,117.8504,113.6108,113.8602,1156054
2014-12-11,114.6545,115.6613,114.2851,114.516,753717
2014-12-12,113.6754,114.5437,112.5116,112.5486,730062
2014-12-15,112.8719,113.3521,111.5187,111.939,546905
2014-12-16,111.6526,112.6317,110.4519,110.5719,1120140
2014-12-17,111.2093,112.604,110.7567,112.5578,1011963
2014-12-18,113.9341,114.8947,113.7863,114.8485,951216
2014-12-19,115.2642,116.1878,115.0318,115.5597,955354
2014-12-22,115.5874,116.2987,115.0055,116.1971,754707
2014-12-23,116.6035,118.1645,116.2248,117.5825,502942
2014-12-24,117.5825,118.0998,116.8806,116.9545,196820
2014-12-26,117.4255,117.9631,117.0284,117.0653,222165
2014-12-29,116.6496,118.4046,116.6312,117.7858,276705
2014-12-30,117.4071,118.1737,116.899,117.6103,264358
2014-12-31,118.0351,118.0351,115.9846,116.0308,409218
2015-01-02,116.7697,117.1115,114.4329,115.8183,438510
2015-01-05,114.8947,114.9871,111.8189,112.0867,671218
2015-01-06,112.253,112.3638,108.9186,109.5744,889613
2015-01-07,110.692,110.9506,108.6045,109.8053,748156
2015-01-08,110.9229,112.3361,110.4612,112.0313,753072
2015-01-09,111.939,111.939,109.7776,109.7776,582646
2015-01-12,109.7776,109.7776,107.9672,109.0571,1159751
2015-01-13,109.7499,110.6828,109.2234,109.7776,1703567
2015-01-14,108.0965,108.9001,104.328,106.5078,1355872
2015-01-15,106.1014,107.54,105.0022,105.6488,1020664
2015-01-16,105.2978,106.9973,105.0299,106.2492,1232841
2015-01-20,106.4524,107.9857,104.0416,104.2448,1013513
2015-01-21,103.9123,105.0669,103.2473,103.7091,1093213
2015-01-22,104.1709,108.5583,104.0887,108.1889,968724
2015-01-23,107.6901,108.272,106.397,106.4247,442218
2015-01-26,106.2215,107.9857,105.5287,107.9764,602519
2015-01-27,106.7203,107.9764,106.3415,107.2837,828553
2015-01-28,107.607,107.9995,105.0392,105.0392,1108016
2015-01-29,104.9468,106.6741,104.6235,106.5909,680583
2015-01-30,104.9561,106.2307,104.4296,104.5219,1035216
2015-02-02,105.307,106.905,104.5681,106.7295,974033
2015-02-03,107.1451,109.3157,107.1451,109.2603,706067
2015-02-04,108.8632,110.4241,108.7431,109.5374,866456
2015-02-05,109.8884,110.4888,109.7499,110.341,770025
2015-02-06,112.0498,114.4421,111.0799,112.3638,841791
2015-02-09,111.4587,112.1514,110.7567,111.394,467739
2015-02-10,112.1422,112.1699,110.9506,111.902,412135
2015-02-11,111.4771,111.7912,110.6316,111.3293,419735
2015-02-12,111.7173,113.9895,111.6064,113.9618,793499
2015-02-13,114.1465,114.8938,113.4722,114.4421,747216
2015-02-17,114.4329,115.2734,113.6016,114.5622,631555
2015-02-18,114.2574,114.4421,112.1699,112.41,775133
2015-02-19,112.3454,112.6779,111.1538,111.9574,709682
2015-02-20,111.5141,112.3224,110.3411,112.0775,1243000
2015-02-23,111.8096,112.1052,111.2139,111.9482,468106
2015-02-24,111.8466,112.9642,111.7542,112.2992,872743
2015-02-25,112.41,112.4285,111.6803,112.2807,659616
2015-02-26,112.2807,112.8381,112.002,112.7359,951495
2015-02-27,112.6708,113.0517,111.9927,112.4107,600364
2015-03-02,112.7359,114.278,112.2481,114.0551,751419
2015-03-03,113.6184,114.2316,113.1539,114.0179,641072
2015-03-04,113.2933,113.8321,112.8985,113.7578,593335
2015-03-05,113.9343,114.5196,112.9217,114.4731,724811
2015-03-06,114.5475,117.0186,114.4453,115.5972,1126918
2015-03-09,115.2349,115.9596,114.7333,115.6344,623510
2015-03-10,114.7425,114.7425,112.6801,112.6801,656648
2015-03-11,112.9403,113.3769,112.5594,113.0239,826143
2015-03-12,113.6277,116.8328,113.6277,116.7213,947974
2015-03-13,116.6935,116.7585,115.3836,116.3312,533071
2015-03-16,116.9722,117.0744,116.1361,117.0558,758756
2015-03-17,116.3869,117.7061,116.0896,117.7061,901284
2015-03-18,117.576,118.7187,117.0465,118.0498,1077544
2015-03-19,117.4646,117.9569,116.3497,117.4831,662546
2015-03-20,118.1242,119.1832,117.7897,118.9138,901457
2015-03-23,118.9138,120.3817,118.2078,118.2914,1713745
2015-03-24,118.2356,118.3285,116.6284,117.0837,1552638
2015-03-25,117.0558,117.0744,114.566,114.566,946647
2015-03-26,114.5753,115.7087,113.7392,115.3,689560
2015-03-27,115.2628,116.2197,114.5312,116.0989,970271
2015-03-30,116.6192,118.4772,116.4241,117.8733,657433
2015-03-31,117.2695,118.2171,116.87,117.9848,902582
2015-04-01,117.9012,117.9384,116.359,117.2973,591972
2015-04-02,117.1951,118.4679,116.4705,118.1799,604812
2015-04-06,115.2071,115.7923,112.643,114.9748,3864938
2015-04-07,114.7611,116.9072,114.7611,115.6994,2271128
2015-04-08,116.0525,116.1082,114.6868,115.43,1206495
2015-04-09,115.3836,116.0246,115.0027,115.8481,1698796
2015-04-10,115.7552,116.1175,115.1234,115.5601,1065737
2015-04-13,114.278,115.9967,114.2688,115.3929,913656
2015-04-14,114.5939,115.4672,113.7671,114.5103,1070365
2015-04-15,115.0398,116.2568,114.5382,115.1792,1565402
2015-04-16,115.012,115.1643,114.2316,114.4638,807758
2015-04-17,113.8228,114.4917,112.0066,112.2342,1403819
2015-04-20,112.1041,112.7916,110.5062,110.7478,1714921
2015-04-21,110.915,111.6025,110.0603,111.0079,1108565
2015-04-22,110.9057,112.0562,110.274,111.9462,867858
2015-04-23,111.6396,112.067,111.1194,111.6582,570001
2015-04-24,111.4167,111.8858,110.5118,111.1194,591547
2015-04-27,111.1937,111.9741,109.4936,109.9674,1074398
2015-04-28,109.9767,112.0856,109.7073,111.8812,926105
2015-04-29,111.4353,112.5872,111.2587,111.6396,1025364
2015-04-30,111.491,112.2992,110.7199,111.1751,846605
2015-05-01,111.8998,112.1682,110.3669,110.8221,497263
2015-05-04,111.2123,113.1539,110.9615,113.0796,1176442
2015-05-05,112.3643,113.1168,111.6768,111.7604,1243308
2015-05-06,112.2435,112.6894,111.4074,112.2435,672173
2015-05-07,112.3457,112.4572,111.1101,111.6489,704686
2015-05-08,112.4479,113.1539,111.8069,112.8752,606845
2015-05-11,112.6151,113.1818,112.3736,112.643,486783
2015-05-12,112.0205,113.061,111.426,112.6894,795643
2015-05-13,112.5129,113.507,111.9183,113.3583,919830
2015-05-14,114.213,114.2502,113.2375,114.0829,737452
2015-05-15,114.213,114.2409,112.0577,112.5965,1241181
2015-05-18,112.5965,113.99,112.4014,113.8135,528032
2015-05-19,114.2223,115.2442,113.8786,115.2442,1150651
2015-05-20,114.9748,115.5229,114.1851,114.8076,507907
2015-05-21,114.3895,115.1327,114.2037,114.8354,493637
2015-05-22,114.6218,115.1327,114.2502,114.4174,636284
2015-05-26,114.0458,114.4137,112.8845,113.4233,574075
2015-05-27,113.86,114.1851,113.219,113.5906,753485
2015-05-28,113.5625,113.9737,113.058,113.7961,667416
2015-05-29,113.9082,113.9718,112.7964,112.9459,808252
2015-06-01,113.5158,113.9363,111.8433,111.9835,616454
2015-06-02,111.8527,113.1981,111.7125,113.0767,568909
2015-06-03,113.2542,115.0949,112.6487,114.5903,641481
2015-06-04,113.9176,114.8893,113.6395,113.9923,978113
2015-06-05,115.1229,115.9358,114.609,115.7303,618182
2015-06-08,115.4313,116.5618,115.0762,115.833,710686
2015-06-09,115.7209,117.2393,115.5013,116.6459,545898
2015-06-10,117.0103,118.7856,116.9076,118.1316,544915
2015-06-11,118.1783,118.6642,117.599,117.926,498254
2015-06-12,117.6831,117.9354,117.1879,117.8513,321018
2015-06-15,117.0664,118.1503,116.5525,117.4962,482609
2015-06-16,117.3934,118.2717,117.0898,118.0381,346585
2015-06-17,118.5147,118.552,116.9169,117.0757,748893
2015-06-18,117.5149,118.6268,116.7347,118.2624,814027
2015-06-19,117.926,118.3278,117.3,117.3841,1069742
2015-06-22,118.4306,118.8791,118.2811,118.6828,565702
2015-06-23,119.2248,120.1778,118.9164,119.748,642435
2015-06-24,119.449,120.2526,119.122,119.1407,516291
2015-06-25,119.7106,120.019,118.6735,118.9445,562258
2015-06-26,119.5892,120.047,119.2622,119.5611,349288
2015-06-29,118.2624,118.7015,116.4404,116.4777,512518
2015-06-30,117.8326,118.5614,116.403,116.73,750056
2015-07-01,118.2624,119.0472,117.5803,118.9351,794254
2015-07-02,118.6174,119.1687,117.0477,117.6457,426922
2015-07-06,116.1788,117.4401,115.833,117.3934,411062
2015-07-07,117.1038,117.2439,114.9921,116.8235,593823
2015-07-08,115.7583,116.3843,114.5997,114.936,455887
2015-07-09,116.5151,116.8982,115.3285,116.0386,490150
2015-07-10,117.7391,118.1783,117.0757,117.926,603966
2015-07-13,118.9538,119.3649,118.6174,118.9538,466423
2015-07-14,118.4399,119.3089,118.253,118.8323,869944
2015-07-15,119.0659,120.019,118.5147,119.5798,789747
2015-07-16,118.7669,122.5044,117.842,122.2241,1140141
2015-07-17,121.7569,122.8174,121.4579,122.6072,906672
2015-07-20,122.8688,123.7471,122.3923,123.336,763776
2015-07-21,123.4481,124.4479,122.4764,123.2052,861055
2015-07-22,123.1211,124.9991,123.1211,124.4572,553704
2015-07-23,124.859,125.2047,123.392,123.5883,489697
2015-07-24,123.2799,123.6817,122.6726,122.9716,459603
2015-07-27,122.0372,122.4483,121.4672,122.1493,548219
2015-07-28,122.9435,123.2239,121.7102,123.1584,588357
2015-07-29,123.3266,124.0835,122.0325,123.4855,787993
2015-07-30,123.336,124.0181,122.9529,123.5415,426825
2015-07-31,123.5322,123.6256,122.3829,122.5418,511894
2015-08-03,122.4951,122.7473,121.0281,122.0746,624691
2015-08-04,122.3549,123.3453,121.8036,122.4483,418846
2015-08-05,123.0557,124.4105,122.8501,123.5602,444684
2015-08-06,123.7658,123.7658,122.5605,122.9809,490319
2015-08-07,122.9155,123.336,121.2337,122.1867,414630
2015-08-10,122.5885,124.1115,122.3829,124.0274,466248
2015-08-11,123.2145,123.2706,121.9064,122.3829,530863
2015-08-12,121.4486,121.4486,119.0099,120.4862,556871
2015-08-13,120.7945,121.2804,120.2152,121.0188,491983
2015-08-14,121.0468,122.2988,120.9907,121.9064,536467
2015-08-17,121.0842,122.9716,120.6358,122.3175,500881
2015-08-18,122.4951,123.1211,121.6822,122.5605,413229
2015-08-19,122.2615,122.7286,121.1402,121.3832,906676
2015-08-20,119.6079,120.8225,117.2066,117.2066,880388
2015-08-21,116.6366,116.7767,114.2446,114.2633,873732
2015-08-24,110.1054,111.9835,106.7417,108.4889,1090752
2015-08-25,113.5158,113.5158,105.4523,105.5457,911247
2015-08-26,108.0685,110.068,106.4333,109.9652,1224036
2015-08-27,111.4882,113.1935,110.7081,112.7496,814945
2015-08-28,112.3267,112.7139,111.0204,111.8568,594415
2015-08-31,111.0862,111.6726,110.5411,111.1238,838835
2015-09-01,108.5205,109.2253,105.1277,105.8702,779664
2015-09-02,107.4773,108.3325,105.9971,108.3325,904642
2015-09-03,108.5769,111.5467,108.5393,111.1426,1483944
2015-09-04,110.0712,110.5975,109.3005,110.0148,1603666
2015-09-08,112.4207,113.1726,111.6125,112.9094,650657
2015-09-09,114.6293,115.3059,112.9658,113.1632,979459
2015-09-10,112.806,114.0842,112.5899,113.1538,591742
2015-09-11,112.6745,113.7928,111.7346,113.7458,629773
2015-09-14,113.6895,114.9394,113.0222,114.4413,634699
2015-09-15,114.5541,115.7665,114.15,115.4093,815496
2015-09-16,115.1556,115.3905,113.5344,114.7327,922121
2015-09-17,114.789,116.4337,112.3925,113.135,978155
2015-09-18,111.5937,111.6454,109.8362,111.2083,1860944
2015-09-21,111.9884,113.1914,111.6219,112.8342,988679
2015-09-22,111.1144,111.9131,110.0242,110.8888,544851
2015-09-23,110.5881,111.5937,110.043,110.8888,381464
2015-09-24,109.6013,112.6651,108.6145,111.885,1514441
2015-09-25,113.6049,114.6293,113.2665,113.915,779844
2015-09-28,113.1538,113.8586,112.5523,112.7027,943510
2015-09-29,112.9,113.3746,111.7252,112.8718,725461
2015-09-30,113.7552,115.8792,112.1482,114.6105,4744249
2015-10-01,114.3003,114.8454,109.2723,110.0994,3195105
2015-10-02,107.5525,109.6389,104.7894,109.6389,2426076
2015-10-05,110.2591,111.4527,110.0148,111.1614,862557
2015-10-06,110.9076,111.7065,109.4509,110.3625,1096991
2015-10-07,111.152,112.4395,110.7666,112.4207,925615
2015-10-08,111.7158,113.3417,111.3493,112.9658,985142
2015-10-09,112.7778,113.6613,111.8098,112.3831,926218
2015-10-12,112.3737,113.1162,111.8662,112.9376,513238
2015-10-13,112.2797,113.0551,111.8098,112.073,740900
2015-10-14,111.8662,111.9095,109.0092,109.122,882123
2015-10-15,109.9866,112.1952,109.5355,112.1294,1529118
2015-10-16,112.6087,112.7684,109.9584,109.9584,1234766
2015-10-19,110.1933,111.0016,105.8326,106.5939,2864750
2015-10-20,106.7066,108.7789,106.4341,108.5487,2676048
2015-10-21,108.5487,109.9208,107.9848,108.2385,1904218
2015-10-22,108.9998,112.2139,108.9998,111.6501,2265573
2015-10-23,112.8812,115.2214,112.2797,115.2214,1880237
2015-10-26,114.8642,115.804,113.6613,115.804,1775768
2015-10-27,114.93,116.1048,114.197,115.7477,1704029
2015-10-28,115.6815,118.6778,115.5681,118.6778,2318922
2015-10-29,118.4887,119.2449,116.0502,116.277,1975123
2015-10-30,116.3526,116.9103,113.2808,113.2808,3524576
2015-11-02,114.3016,114.9065,113.4792,113.6777,1883212
2015-11-03,113.7723,114.2732,113.1012,113.5549,956904
2015-11-04,113.725,114.0842,112.6097,113.0066,820272
2015-11-05,113.0161,114.6607,112.9499,113.9896,969410
2015-11-06,115.7855,117.5908,115.3224,116.8819,1484067
2015-11-09,116.2392,117.0048,114.9443,116.8536,2899459
2015-11-10,116.2581,117.3166,115.3791,116.7307,2384819
2015-11-11,117.2978,118.4793,116.7969,117.7326,1412933
2015-11-12,117.0048,117.7704,116.6267,117.2505,1829365
2015-11-13,116.9386,117.5625,114.9443,115.7477,1674643
2015-11-16,115.6721,116.8488,115.1144,116.7118,995573
2015-11-17,117.26,118.9141,116.3337,117.4585,1152682
2015-11-18,117.95,118.432,115.7193,118.432,1226380
2015-11-19,118.5455,119.2118,117.605,118.5549,694325
2015-11-20,119.3394,119.5567,117.657,118.2241,734404
2015-11-23,118.3942,118.9519,117.742,118.2241,564144
2015-11-24,117.1844,117.9689,116.2675,117.7609,1055231
2015-11-25,117.8177,118.536,117.0804,118.0918,690143
2015-11-27,118.3375,118.6305,117.3592,118.5738,236373
2015-11-30,118.5549,119.0559,117.8271,118.4604,1089371
2015-12-01,119.2165,119.7836,118.0445,119.2354,552893
2015-12-02,119.3961,119.7364,117.9689,118.2146,678064
2015-12-03,118.64,118.9802,115.7288,116.0596,946256
2015-12-04,116.8819,119.5001,116.381,119.1504,1147462
2015-12-07,118.725,119.0937,117.6003,118.7061,830558
2015-12-08,117.553,118.139,116.5227,116.7874,842199
2015-12-09,116.2675,117.0048,113.6021,114.3488,989543
2015-12-10,114.6324,117.1371,114.0747,115.9273,873372
2015-12-11,113.9991,114.6229,112.9499,113.8101,836439
2015-12-14,114.3961,114.9159,112.1371,114.2448,1158144
2015-12-15,115.5776,118.0256,114.9821,117.449,900200
2015-12-16,118.139,119.7931,116.622,119.4906,1036015
2015-12-17,120.0294,120.4075,117.8271,117.9027,1063080
2015-12-18,117.364,117.4112,113.4036,113.4509,3568393
2015-12-21,114.5662,115.4641,112.8271,114.0275,726883
2015-12-22,114.4244,115.3413,113.3753,115.0955,592306
2015-12-23,115.6059,116.6078,115.0294,116.4944,406210
2015-12-24,116.1541,117.2032,115.8517,116.57,510743
2015-12-28,115.8989,115.9934,114.4433,115.9367,419879
2015-12-29,116.4377,117.4207,116.1636,117.2033,409884
2015-12-30,117.0615,117.1938,115.88,115.9178,310647
2015-12-31,115.1239,116.1636,114.5379,114.5379,797079
2016-01-04,112.7042,112.7042,109.8592,111.0407,1143611
2016-01-05,111.4093,112.4679,110.6626,111.655,650051
2016-01-06,109.9726,110.8044,108.9612,109.396,859735
2016-01-07,107.7325,108.2902,105.7666,106.3147,982437
2016-01-08,107.3166,107.3686,103.9328,104.1313,865651
2016-01-11,104.0557,105.1616,102.3827,103.1483,1260295
2016-01-12,104.3298,104.6701,103.0444,104.4338,1317806
2016-01-13,104.8969,105.0671,100.653,100.8704,1595236
2016-01-14,101.1824,102.0661,99.6418,101.3336,1148775
2016-01-15,100.0198,100.0765,97.0897,98.7627,1711976
2016-01-19,99.8969,102.2977,98.6965,100.5207,1698126
2016-01-20,98.413,100.2655,96.3241,98.9895,2039497
2016-01-21,98.9801,99.1975,96.2437,96.636,1675455
2016-01-22,98.0538,99.5472,96.5887,98.8477,1776102
2016-01-25,98.4602,98.7343,95.946,96.2107,1607126
2016-01-26,96.6549,100.0954,96.3918,99.8874,2693425
2016-01-27,99.5377,103.3468,98.9139,101.6549,2061424
2016-01-28,102.0141,103.5926,101.05,102.2693,1678324
2016-01-29,103.0633,104.188,102.6379,104.1408,1821489
2016-02-01,103.7627,104.1313,101.2863,102.2315,1308972
2016-02-02,100.7287,100.7287,99.0368,99.774,1251693
2016-02-03,100.1237,100.4357,97.515,100.3506,1245858
2016-02-04,100.0954,103.5548,100.0765,102.2599,1011514
2016-02-05,102.2693,103.7958,101.0878,101.8912,1260614
2016-02-08,99.8402,100.5254,98.8761,100.0954,1096985
2016-02-09,98.7154,102.3449,98.6209,101.6266,1411790
2016-02-10,102.2882,102.9026,99.6039,99.689,1023914
2016-02-11,96.8061,98.101,94.5897,95.256,1723962
2016-02-12,96.9668,100.5774,96.9668,100.1237,1365486
2016-02-16,101.8156,104.207,100.4073,102.912,1105050
2016-02-17,103.8383,105.0009,101.948,102.5812,1294569
2016-02-18,103.0066,103.016,99.5094,100.3411,1513167
2016-02-19,99.9347,101.4754,99.0935,101.1824,714828
2016-02-22,102.4962,103.6304,102.3922,103.4413,579372
2016-02-23,103.0066,103.8572,99.7835,100.1616,682401
2016-02-24,98.6682,99.3959,96.3619,99.1029,1040429
2016-02-25,99.3959,100.2939,97.7702,99.5188,1962490
2016-02-26,100.3847,102.145,98.7956,101.0983,1323512
2016-02-29,101.1839,101.1839,97.5587,97.5777,1603600
2016-03-01,98.3675,100.6606,98.1676,100.0992,2064657
2016-03-02,100.2705,103.6864,99.652,103.6008,1976387
2016-03-03,103.3439,104.5428,102.4352,104.5238,973804
2016-03-04,104.9139,106.0557,103.3915,104.8853,1010430
2016-03-07,103.9624,104.7426,103.3629,104.3905,699566
2016-03-08,103.2773,103.6388,101.9261,102.5922,1254050
2016-03-09,103.4866,103.6959,102.2496,102.7635,956156
2016-03-10,103.7816,103.9338,100.908,102.5636,952488
2016-03-11,103.6198,106.0462,102.9347,105.9225,1492303
2016-03-14,105.8464,106.7884,104.9995,106.1604,836453
2016-03-15,104.9424,106.1984,104.7045,105.9796,662644
2016-03-16,105.5228,106.7027,103.9624,105.2945,756267
2016-03-17,104.9329,105.9891,103.5151,105.6941,746038
2016-03-18,106.2079,107.8921,106.2079,107.1499,2461244
2016-03-21,106.7408,107.8445,106.284,107.0643,439134
2016-03-22,105.9605,107.5305,105.6656,106.9882,488896
2016-03-23,107.0453,107.54,106.0747,106.541,615007
2016-03-24,105.6751,105.8654,104.4286,105.8559,619752
2016-03-28,106.3031,107.2594,105.3135,105.932,480715
2016-03-29,105.1708,105.8273,103.8672,105.7607,712615
2016-03-30,105.951,107.8065,105.0138,106.541,617618
2016-03-31,106.1794,106.9095,105.461,105.618,718909
2016-04-01,105.6751,107.3497,104.2478,106.9691,967317
2016-04-04,106.7122,107.4925,106.1794,106.7408,523816
2016-04-05,105.5038,105.7607,104.4667,104.6474,598976
2016-04-06,104.5142,105.7512,103.8767,105.4943,499157
2016-04-07,104.4571,104.7759,101.8215,102.5827,775616
2016-04-08,103.5722,104.7807,103.0013,103.5818,681587
2016-04-11,104.1717,105.7417,104.0099,104.4476,673303
2016-04-12,104.1431,106.3602,104.048,106.0462,450248
2016-04-13,107.3307,110.1853,107.1371,109.9283,854867
2016-04-14,109.5953,112.1168,109.5192,110.5849,835442
2016-04-15,110.9179,111.0131,108.482,109.2433,893847
2016-04-18,108.8056,110.5849,107.3402,110.1948,959523
2016-04-19,109.8713,112.3071,109.4635,112.1359,914985
2016-04-20,112.5926,115.2378,112.0123,114.429,1090381
2016-04-21,113.5822,114.3339,112.4689,112.564,856472
2016-04-22,112.1549,113.9723,110.7276,113.2682,698233
2016-04-25,112.5926,113.2777,111.622,113.1254,744896
2016-04-26,113.5346,114.1245,112.8495,113.8296,530115
2016-04-27,113.7915,115.0189,112.859,114.5908,827718
2016-04-28,113.3633,114.762,112.9161,113.3633,961051
2016-04-29,112.8971,113.3062,111.8123,112.5831,1026961
2016-05-02,113.154,113.6202,112.0883,113.1825,1176403
2016-05-03,111.8504,111.8504,109.8427,111.0321,802278
2016-05-04,109.719,110.309,107.6923,108.5867,1084266
2016-05-05,108.7865,109.5573,108.0539,108.6819,656981
2016-05-06,108.1585,109.3384,108.0158,109.1291,597527
2016-05-09,108.9959,109.2813,107.7779,108.3679,674093
2016-05-10,109.2147,110.328,108.739,110.1757,665510
2016-05-11,109.6524,110.8513,109.3289,109.8713,646098
2016-05-12,110.5088,111.2129,108.8246,109.5287,431332
2016-05-13,109.2528,110.1472,107.1785,107.7399,580803
2016-05-16,107.5305,109.0482,107.1119,108.5201,560377
2016-05-17,108.0729,109.2337,106.9549,107.6828,478867
2016-05-18,107.7018,111.0987,107.4639,111.0797,1160989
2016-05-19,110.2614,111.4127,108.7009,110.2043,684196
2016-05-20,110.9179,111.7456,110.2328,110.7466,394480
2016-05-23,110.7752,110.8989,109.1671,110.2138,377616
2016-05-24,110.8608,112.7068,110.661,112.0883,563081
2016-05-25,112.9637,114.1816,112.8495,113.2301,1609795
2016-05-26,113.1159,113.5726,112.1263,112.7298,462963
2016-05-27,113.1223,114.2613,112.8447,114.2613,764512
2016-05-31,114.7399,114.9601,113.5817,114.3858,981863
2016-06-01,113.4668,114.3953,112.2416,114.1656,577318
2016-06-02,113.6583,114.9792,113.3137,114.9409,800895
2016-06-03,113.4094,113.4094,110.825,113.2275,756963
2016-06-06,113.6296,115.4865,112.9308,114.8452,685134
2016-06-07,114.9888,115.1037,113.3616,113.419,801979
2016-06-08,113.2084,114.0603,112.9308,113.9359,679357
2016-06-09,113.6583,113.6583,112.031,113.3041,652588
2016-06-10,111.7343,112.7585,111.5237,112.5192,839696
2016-06-13,112.1268,113.8784,111.8587,112.6532,1136150
2016-06-14,112.0598,112.9882,110.0688,110.5761,937940
2016-06-15,111.3323,113.0553,110.5857,111.2749,908720
2016-06-16,110.1836,111.2653,109.3604,111.1313,661210
2016-06-17,111.2079,112.2991,111.0068,112.1938,1583087
2016-06-20,113.5913,114.8644,112.2321,112.3756,937856
2016-06-21,112.7777,112.9978,111.3993,112.8255,597943
2016-06-22,112.7298,113.7732,112.2799,112.3086,522127
2016-06-23,113.8402,115.6206,113.8402,115.2664,776795
2016-06-24,107.9438,110.6144,107.6949,107.8194,2041508
2016-06-27,106.039,106.6707,103.4162,104.1245,1333135
2016-06-28,105.9241,106.9483,104.4691,106.776,1137871
2016-06-29,108.0204,108.6808,106.2495,108.6234,1010488
2016-06-30,110.2794,113.1797,109.5136,113.1701,1346744
2016-07-01,112.6149,113.1988,111.3706,112.0406,773288
2016-07-05,110.7963,110.7963,107.2737,108.0395,1228704
2016-07-06,107.2929,108.6617,106.374,108.566,866720
2016-07-07,110.9015,110.9015,108.432,109.3126,625942
2016-07-08,110.9973,111.7439,110.4421,110.9781,711254
2016-07-11,111.7726,112.0598,111.2557,111.5429,576775
2016-07-12,112.0981,113.6009,112.0981,113.0457,1011799
2016-07-13,113.1414,113.4381,112.1459,112.9117,586351
2016-07-14,115.0175,115.1898,113.6966,114.3475,780021
2016-07-15,114.6251,115.2472,113.5626,113.9646,598260
2016-07-18,113.9263,114.223,113.3903,113.4573,461420
2016-07-19,112.8925,113.8402,112.5632,113.6487,690689
2016-07-20,113.3998,113.6487,108.901,108.9393,2118815
2016-07-21,108.5085,109.5519,107.4556,107.9055,1045913
2016-07-22,108.2501,110.0113,107.8098,109.5806,1024965
2016-07-25,109.236,109.5519,108.2501,108.5085,812659
2016-07-26,108.3267,109.8965,108.1927,109.5519,819183
2016-07-27,109.4275,110.9877,109.1977,110.0113,1060045
2016-07-28,109.5902,110.4804,108.9106,109.9156,808979
2016-07-29,109.7816,110.7675,109.3317,109.6572,805915
2016-08-01,109.5327,110.557,107.6949,107.9534,1380697
2016-08-02,107.4365,107.9725,107.0324,107.2067,994904
2016-08-03,107.4939,109.169,107.3695,109.0254,800017
2016-08-04,108.8531,109.8391,108.499,109.0924,855351
2016-08-05,110.3272,112.3756,109.8869,112.1842,1210396
2016-08-08,112.5479,113.151,112.1076,112.6915,845803
2016-08-09,112.5384,113.2275,112.2608,112.5288,698207
2016-08-10,112.2608,112.2799,111.3706,111.5812,542918
2016-08-11,111.8396,112.3996,111.4471,111.7917,588020
2016-08-12,110.6622,111.3706,110.5546,111.3323,500909
2016-08-15,111.6673,113.1318,111.6673,113.0457,613919
2016-08-16,112.4235,113.0265,112.2225,112.3469,525384
2016-08-17,112.3565,112.8925,111.897,112.4426,440071
2016-08-18,112.5479,112.8542,112.0885,112.8542,448938
2016-08-19,112.6437,112.7202,111.9736,112.6245,318379
2016-08-22,112.1842,112.8447,111.7822,112.8351,333935
2016-08-23,113.2467,113.5434,112.9069,112.9595,418186
2016-08-24,112.8447,113.5051,112.1555,112.1842,616686
2016-08-25,112.2512,112.7777,111.8492,112.4235,846058
2016-08-26,112.8351,113.6009,111.5429,112.6628,801507
2016-08-29,112.95,113.6679,112.9212,113.155,774406
2016-08-30,113.4728,113.7809,112.5676,113.5787,1641407
2016-08-31,113.5883,114.2046,112.8757,113.9446,935224
2016-09-01,114.2816,114.5126,111.7876,112.972,774554
2016-09-02,113.3572,113.5305,112.4713,112.9913,1068229
2016-09-06,113.2031,113.338,110.8825,111.5084,905670
2016-09-07,111.0269,111.701,110.7573,111.701,667434
2016-09-08,111.8261,112.5869,111.4313,111.9032,1465791
2016-09-09,111.7491,113.3476,111.3928,112.7506,1531644
2016-09-12,112.2017,113.9446,111.37,113.752,818814
2016-09-13,112.2209,112.5675,110.8632,111.8358,732539
2016-09-14,111.6528,112.7698,111.1328,111.2869,779927
2016-09-15,111.0076,111.7395,110.7573,111.3639,643376
2016-09-16,110.8439,110.8439,109.7077,110.5551,1241329
2016-09-19,111.0558,111.6624,110.2662,110.7669,508496
2016-09-20,111.4795,111.8358,110.9306,111.0558,350519
2016-09-21,111.701,112.5195,110.8632,111.4121,534689
2016-09-22,111.6913,112.2691,111.2291,112.2306,569307
2016-09-23,111.7395,113.1743,111.7106,112.7794,891846
2016-09-26,112.1632,112.1632,109.7655,109.9291,633808
2016-09-27,109.5632,111.258,109.3753,111.2484,447141
2016-09-28,111.6047,111.8647,110.0158,111.4217,569286
2016-09-29,111.0558,112.4809,109.6595,110.2951,809153
2016-09-30,111.0076,112.3558,110.1506,111.7973,708905
2016-10-03,111.335,111.8743,110.7284,110.9306,591546
2016-10-04,111.3928,112.7891,110.9499,112.1632,540293
2016-10-05,112.558,114.1853,112.298,113.6846,640416
2016-10-06,113.4054,114.3587,112.818,113.9542,494720
2016-10-07,113.7231,113.9157,112.3365,113.4631,440781
2016-10-10,113.9735,114.349,113.4188,113.5209,524686
2016-10-11,113.4631,113.8387,111.3928,111.7587,1010263
2016-10-12,111.9995,113.0394,111.7298,112.5291,614296
2016-10-13,111.2099,111.2099,108.0899,108.9758,1142944
2016-10-14,110.4106,111.0558,109.3706,109.6499,1138814
2016-10-17,110.3721,110.9113,109.4284,109.7751,571359
2016-10-18,110.8054,111.2773,109.2166,110.998,831503
2016-10-19,111.8935,114.3045,110.3143,113.1454,1511261
2016-10-20,113.078,114.7342,112.9431,114.4453,1078869
2016-10-21,113.338,114.6187,112.9529,114.5031,630967
2016-10-24,114.792,115.2638,114.2527,114.5127,667276
2016-10-25,114.5609,114.9557,113.8868,114.6379,591755
2016-10-26,114.3972,115.9087,113.8194,115.7357,589126
2016-10-27,116.429,118.1623,115.6394,117.4593,989303
2016-10-28,117.8349,117.989,116.4868,117.546,864435
2016-10-31,117.8638,118.7689,117.5845,118.1815,915184
2016-11-01,118.7593,118.7593,117.0453,118.3356,959269
2016-11-02,117.5845,117.8253,116.4482,117.2956,1234654
2016-11-03,117.7193,118.2682,116.4194,116.9105,885748
2016-11-04,116.7853,118.0275,115.8517,117.2956,879573
2016-11-07,118.5667,120.3096,118.3645,120.2519,1258341
2016-11-08,119.703,120.7526,118.8074,120.4926,1093988
2016-11-09,120.8007,127.185,120.4493,126.665,2238643
2016-11-10,127.2524,130.1894,124.4695,128.7546,2907861
2016-11-11,128.3694,131.1138,127.782,130.9597,1585239
2016-11-14,131.6819,135.37,131.6819,134.7634,1671311
2016-11-15,130.7479,133.8582,129.6405,133.7041,1447648
2016-11-16,131.8071,132.6641,131.0657,131.6723,995493
2016-11-17,132.173,134.9271,131.9564,134.7248,1590949
2016-11-18,135.7077,136.7277,134.2916,136.0248,1331087
2016-11-21,136.4196,136.4196,134.6093,135.8322,898345
2016-11-22,136.2559,137.3633,135.8611,137.0166,1451023
2016-11-23,137.6137,138.6536,136.1981,138.2492,1030682
2016-11-25,138.2107,138.384,137.3151,138.384,324676
2016-11-28,137.1226,137.9314,135.1485,135.5048,1237003
2016-11-29,135.9285,136.4774,135.2641,135.5722,930069
2016-11-30,137.6916,139.7239,137.1206,139.2981,1255454
2016-12-01,140.0723,142.5497,139.6852,142.3465,1502976
2016-12-02,141.5433,142.1723,140.0626,141.4465,749667
2016-12-05,142.5013,143.6723,141.8529,142.5884,1531468
2016-12-06,143.6239,144.2239,142.4046,144.1078,711455
2016-12-07,144.4755,146.6239,143.8368,146.411,891654
2016-12-08,147.0981,149.7691,146.5756,148.5498,1311081
2016-12-09,148.3659,149.2078,146.8659,149.1982,1079912
2016-12-12,148.3756,149.7982,146.5562,147.8723,929410
2016-12-13,148.5498,149.1595,147.0014,148.2788,1175252
2016-12-14,147.4175,149.5271,147.0207,147.9304,1858008
2016-12-15,148.1143,149.9143,146.7788,148.8885,1019857
2016-12-16,148.5498,149.4304,147.1852,147.5723,2080189
2016-12-19,147.8433,149.2369,146.9239,149.2078,677054
2016-12-20,150.0014,152.1982,149.982,151.9563,853921
2016-12-21,151.9853,151.9853,150.824,150.882,937683
2016-12-22,150.7272,151.2014,150.253,150.9982,954867
2016-12-23,151.0562,152.053,150.4853,152.0337,506513
2016-12-27,152.4014,153.0014,151.8014,153.0014,467863
2016-12-28,153.2434,153.2434,151.2208,151.5982,439524
2016-12-29,151.6659,152.0143,149.8175,150.6111,508976
2016-12-30,151.3079,151.7724,150.3498,151.3853,836905
2017-01-03,153.0982,155.5805,150.7175,151.6853,1259082
2017-01-04,151.8401,153.1466,151.395,152.6143,765932
2017-01-05,152.1885,152.3337,149.3724,150.3691,952105
2017-01-06,150.882,152.053,150.4853,151.5111,932048
2017-01-09,150.4853,151.7433,149.6724,150.9304,696104
2017-01-10,151.0853,152.3821,150.4369,151.6466,674870
2017-01-11,151.4046,152.024,150.3024,151.9466,679676
2017-01-12,151.3466,151.3466,149.2562,150.3401,827861
2017-01-13,151.2401,153.6305,150.4659,151.0369,934906
2017-01-17,149.053,149.3119,147.5433,147.7562,1078377
2017-01-18,148.5885,149.8659,147.2917,149.653,1065832
2017-01-19,150.0014,152.324,147.6933,150.3401,889980
2017-01-20,150.7175,152.6225,150.4756,151.9659,632860
2017-01-23,150.882,152.0724,150.3111,150.9111,1143752
2017-01-24,151.7143,155.0531,151.2595,154.4434,832019
2017-01-25,155.6144,157.6273,154.9079,156.9692,1065600
2017-01-26,157.1434,158.6821,156.6692,158.3531,894358
2017-01-27,158.1305,159.2241,157.7628,158.7499,640053
2017-01-30,158.6531,158.6531,156.1853,157.9853,708810
2017-01-31,156.9305,157.9853,156.1853,157.3273,982271
2017-02-01,158.7015,160.9757,157.3757,157.4724,1136770
2017-02-02,156.2047,157.695,155.3434,156.8821,820304
2017-02-03,158.6047,159.166,157.4724,158.6047,1272589
2017-02-06,157.3757,158.6918,156.3595,158.1789,692978
2017-02-07,158.9531,158.9531,157.095,157.2595,847432
2017-02-08,156.4563,157.9273,155.5853,157.5499,845739
2017-02-09,157.6853,159.8434,156.824,159.1757,788083
2017-02-10,159.8144,160.6273,159.1079,159.9789,633956
2017-02-13,160.7434,162.8628,160.5789,161.4209,959180
2017-02-14,161.5951,163.6273,161.1015,162.7951,1077614
2017-02-15,163.5015,165.2967,162.558,163.6757,950654
2017-02-16,163.4241,163.7047,161.0918,162.1757,1182956
2017-02-17,161.1112,162.6015,160.8886,162.4951,731495
2017-02-21,162.8241,163.8693,161.9918,162.5144,809448
2017-02-22,161.4983,163.1725,161.3144,162.6112,929017
2017-02-23,162.9209,164.6048,161.9918,164.3048,877627
2017-02-24,163.1241,163.6757,162.0305,163.2306,1257583
2017-02-27,163.2983,163.7047,162.437,162.5338,991343
2017-02-28,161.7983,162.6596,160.7434,161.5854,1042172
2017-03-01,164.1693,168.1177,163.9854,166.6564,1050100
2017-03-02,167.191,167.191,161.9034,162.438,877890
2017-03-03,162.574,163.6335,162.4088,163.303,621768
2017-03-06,161.8936,163.1767,160.3871,162.2922,804980
2017-03-07,162.1172,163.2739,160.9897,162.0589,614586
2017-03-08,163.3613,163.7696,161.4708,161.9908,539344
2017-03-09,162.6032,163.0697,161.291,161.8645,608358
2017-03-10,162.9337,162.9337,160.0789,161.534,913456
2017-03-13,161.4368,161.8645,160.46,160.8439,988841
2017-03-14,160.2899,161.6215,158.9291,161.3105,534467
2017-03-15,161.8645,162.0589,158.9874,159.1624,789506
2017-03-16,159.1624,160.9411,158.6764,159.8816,718157
2017-03-17,159.7164,160.251,156.9268,157.5489,2603070
2017-03-20,157.1406,158.4188,156.1589,156.4311,875803
2017-03-21,157.4225,157.7433,150.4631,150.7061,1337197
2017-03-22,149.9577,151.7753,147.4305,150.4242,1004284
2017-03-23,150.3173,153.0875,149.2579,150.6284,965669
2017-03-24,151.5615,152.4654,149.2676,150.6284,875472
2017-03-27,147.0514,150.1326,145.3213,149.8508,810952
2017-03-28,149.9771,152.3293,149.4283,151.6878,877433
2017-03-29,150.9102,151.474,149.7147,150.1035,457089
2017-03-30,149.8119,152.9611,149.8119,152.2516,756205
2017-03-31,151.5226,152.1835,150.1812,150.3951,504668
2017-04-03,150.9199,151.5129,148.2178,150.1618,820714
2017-04-04,149.5008,150.8713,149.1315,149.8702,659930
2017-04-05,151.3185,151.8822,147.8388,148.1109,575316
2017-04-06,148.1012,149.3842,146.964,149.0732,798075
2017-04-07,148.1109,149.5883,147.473,148.733,589266
2017-04-10,148.4705,149.5008,146.7307,147.3042,548176
2017-04-11,146.546,147.2361,145.4671,147.2361,616014
2017-04-12,146.4197,147.3042,144.6701,145.6226,1071228
2017-04-13,145.02,146.1475,143.4162,143.7856,1516497
2017-04-17,145.3213,149.5494,144.9422,149.4037,1406042
2017-04-18,148.8885,150.1618,146.4099,147.5958,1264928
2017-04-19,148.8107,149.4522,146.9348,147.2361,802204
2017-04-20,148.5872,150.4923,147.9068,149.9577,613370
2017-04-21,149.5592,150.9005,149.1607,149.598,630569
2017-04-24,153.1555,154.4191,152.3147,152.5723,693298
2017-04-25,153.9234,155.4299,153.243,153.311,862584
2017-04-26,152.8931,155.0995,152.8931,154.2441,726714
2017-04-27,154.3608,154.978,151.9405,152.5529,357200
2017-04-28,152.3682,153.2138,150.9977,151.056,432782
2017-05-01,152.4848,153.4665,151.0366,152.5626,594303
2017-05-02,153.0778,153.4471,151.5809,152.4071,459345
2017-05-03,151.542,155.4202,151.2699,154.837,620561
2017-05-04,155.7993,156.3728,153.7581,154.6329,949776
2017-05-05,154.8759,155.1384,153.3596,154.4774,365928
2017-05-08,154.2927,155.5272,153.6901,155.4202,422717
2017-05-09,155.5855,157.3059,154.3802,154.8468,486132
2017-05-10,154.2927,155.0023,153.7581,154.837,442127
2017-05-11,154.215,154.8254,152.4605,153.9914,426618
2017-05-12,152.8639,153.6026,151.9207,153.3888,564463
2017-05-15,153.5151,156.1395,153.1263,156.0423,1171347
2017-05-16,156.2561,158.9194,155.7896,157.821,1275384
2017-05-17,153.6123,155.2744,151.1134,152.1446,1082616
2017-05-18,151.8919,153.7581,151.2796,152.6792,892279
2017-05-19,152.7278,154.4677,152.3682,152.8931,843375
2017-05-22,153.4665,154.4968,151.4254,154.3024,641143
2017-05-23,154.3219,157.6169,153.9817,156.781,580919
2017-05-24,157.1406,157.2378,155.3425,155.9159,956042
2017-05-25,156.227,157.2864,155.4786,156.6838,782062
2017-05-26,156.052,157.092,155.5077,155.7118,410699
2017-05-30,155.2822,155.3407,152.8017,154.3642,475713
2017-05-31,154.4912,154.8525,151.5518,152.8017,1072479
2017-06-01,153.8662,155.2822,151.874,154.9795,625835
2017-06-02,153.8271,155.0088,152.8408,153.8955,645217
2017-06-05,153.9346,155.4189,153.2021,153.4951,639161
2017-06-06,152.2256,152.8701,151.4639,152.2158,589477
2017-06-07,152.5576,153.788,151.9912,153.0459,705087
2017-06-08,153.0361,156.9521,152.1963,155.3506,832320
2017-06-09,156.3271,160.1845,156.3271,159.5302,698801
2017-06-12,159.6669,160.1162,158.0459,158.6318,915180
2017-06-13,159.2861,160.0096,158.2021,158.8662,709479
2017-06-14,156.8935,158.8613,155.4316,158.7392,638212
2017-06-15,157.9775,159.1689,156.3564,157.7236,406979
2017-06-16,157.8701,158.8857,156.9961,157.8798,860705
2017-06-19,158.9736,159.3007,158.0263,158.8466,381182
2017-06-20,158.1142,158.9638,157.6162,158.0068,617996
2017-06-21,158.5732,158.8759,156.7666,157.2548,397068
2017-06-22,156.6494,156.913,154.7549,155.7509,436293
2017-06-23,156.5029,156.5029,153.6221,154.1396,886448
2017-06-26,154.5498,155.5019,153.5732,155.0869,375673
2017-06-27,156.1806,157.5478,155.3701,155.4287,419656
2017-06-28,156.8056,158.1435,156.431,157.8603,623043
2017-06-29,159.2861,160.0576,155.5556,157.4013,1347716
2017-06-30,158.4658,158.8076,155.9853,158.1533,747013
2017-07-03,159.1591,161.3857,158.539,160.4579,386266
2017-07-05,160.5849,161.454,159.3349,160.5849,533587
2017-07-06,160.5263,161.6493,159.6083,159.7548,700075
2017-07-07,160.8583,161.5077,159.7841,161.2392,549560
2017-07-10,160.8388,161.5175,160.1454,160.5068,579412
2017-07-11,161.0439,162.2841,159.5302,161.2978,987167
2017-07-12,161.0146,161.62,159.872,161.3661,630608
2017-07-13,161.6982,162.8993,161.0585,162.6357,443441
2017-07-14,161.288,162.5478,160.4482,161.8837,488030
2017-07-17,161.6689,162.4501,160.331,162.0986,596735
2017-07-18,160.9658,162.0107,160.4872,161.6005,1051489
2017-07-19,162.9091,162.9384,157.1279,158.6708,1550866
2017-07-20,158.8076,159.1298,155.3408,156.581,792515
2017-07-21,155.8193,156.8007,153.9346,154.4033,679783
2017-07-24,154.501,157.5771,154.501,156.581,956265
2017-07-25,159.2958,160.0673,157.3037,157.7138,1316788
2017-07-26,158.1728,158.1728,153.8564,154.2763,930232
2017-07-27,154.3545,155.3408,153.5732,155.2822,836831
2017-07-28,155.2724,157.8798,154.706,156.8252,724808
2017-07-31,157.0498,160.3798,156.6787,159.3251,691892
2017-08-01,160.1454,161.3368,159.2958,159.7451,678962
2017-08-02,160.3408,161.0732,159.7548,161.0536,436983
2017-08-03,160.7802,161.0146,159.2763,159.9501,608353
2017-08-04,160.1454,161.3368,159.2958,159.7451,678962
2017-08-07,159.5107,160.7509,158.915,159.7841,479822
2017-08-08,159.4716,162.7919,159.374,160.5165,570610
2017-08-09,159.5009,160.5068,158.6221,159.1787,761918
2017-08-10,158.2021,158.8158,154.9013,154.999,806263
2017-08-11,155.6631,156.3955,152.3721,152.9287,658025
2017-08-14,154.1787,156.0104,154.1787,155.3603,379166
2017-08-15,156.3564,156.9521,154.6767,154.7842,391933
2017-08-16,155.3896,155.9951,154.4326,154.8818,419142
2017-08-17,154.501,154.7451,150.0869,150.2627,509681
2017-08-18,149.4522,151.1611,148.4756,149.833,619503
2017-08-21,149.8623,149.8623,148.2315,148.9151,610829
2017-08-22,149.3838,150.1748,148.7295,149.999,458211
2017-08-23,148.9541,150.9951,148.8467,149.6182,471481
2017-08-24,149.9404,150.0283,148.9932,149.2471,407383
2017-08-25,149.7158,150.8877,149.7158,150.1943,488166
2017-08-28,150.4287,150.8633,147.7334,148.4365,481452
2017-08-29,146.4151,146.9912,145.6631,146.6104,906582
2017-08-30,146.9736,147.5134,146.2669,146.5221,658285
2017-08-31,147.268,147.268,145.0008,145.1186,570402
2017-09-01,145.9038,147.5919,145.3542,146.2375,797167
2017-09-05,144.9027,145.4032,142.5472,142.7533,693687
2017-09-06,143.7446,144.1077,141.9092,142.4687,473510
2017-09-07,142.557,142.557,138.5036,139.8285,750953
2017-09-08,139.7206,142.0466,139.5341,141.3989,723048
2017-09-11,143.617,144.9321,142.8613,143.8035,737673
2017-09-12,144.4414,146.8754,144.0194,146.2571,835929
2017-09-13,145.6682,147.9943,145.2855,147.7097,970039
2017-09-14,147.641,148.1808,146.8263,147.1404,1801819
2017-09-15,146.9441,147.2287,145.7664,147.2091,1566307
2017-09-18,147.8373,149.5941,147.3662,148.858,696572
2017-09-19,148.6911,150.6737,148.2396,149.8787,496845
2017-09-20,150.2222,152.2538,148.8678,151.6944,690440
2017-09-21,151.714,152.931,151.3607,151.557,524471
2017-09-22,151.3214,151.4686,150.3694,150.9681,496435
2017-09-25,150.8209,151.9496,150.2516,151.8416,663997
2017-09-26,152.4109,152.666,151.1153,152.5581,643433
2017-09-27,154.6977,156.2189,153.4905,154.9823,804328
2017-09-28,155.1688,156.3072,153.4905,156.268,820421
2017-09-29,156.3759,158.7805,156.0128,158.0542,647284
2017-10-02,158.1818,158.6726,156.3661,158.3978,674968
2017-10-03,158.5842,159.2026,157.2931,158.3192,422225
2017-10-04,158.015,158.6824,157.0433,157.7107,431021
2017-10-05,157.7696,158.9964,156.9059,158.5744,697837
2017-10-06,158.9572,159.8012,157.75,159.075,447394
2017-10-09,159.2713,159.7462,157.7893,158.1818,344674
2017-10-10,158.1033,160.2723,158.1033,160.1349,527476
2017-10-11,159.605,160.6771,158.6971,160.1251,443129
2017-10-12,160.2233,161.4501,159.7239,159.8111,652610
2017-10-13,159.34,160.6355,157.9168,160.184,598835
2017-10-16,160.0761,161.4108,160.0761,161.1753,728555
2017-10-17,161.4795,161.6464,160.184,161.0968,573813
2017-10-18,160.4097,160.8612,156.7195,157.642,1302664
2017-10-19,156.6017,160.5668,156.3465,159.2516,735219
2017-10-20,161.3127,163.2658,160.7925,162.1371,994624
2017-10-23,162.2451,162.6769,161.4305,161.8819,594593
2017-10-24,162.2549,164.1,161.9899,162.6769,699635
2017-10-25,163.8841,164.0902,161.7151,162.7554,564762
2017-10-26,163.6289,165.1011,162.461,164.4926,699080
2017-10-27,164.051,165.0717,163.1775,164.7085,458959
2017-10-30,163.9234,165.003,163.1971,163.8056,558806
2017-10-31,163.413,165.2778,163.3345,163.678,606566
2017-11-01,164.5221,165.6998,163.7663,164.1786,638001
2017-11-02,164.2178,166.2691,163.3051,165.8961,543658
2017-11-03,165.1404,166.2298,164.3356,165.6311,747424
2017-11-06,165.0815,166.0433,165.0717,165.582,521038
2017-11-07,165.8274,166.3279,159.654,159.8601,1061122
2017-11-08,159.6737,159.9779,157.3672,158.2211,1142439
2017-11-09,157.3083,157.8678,153.7751,155.6693,1109966
2017-11-10,155.6595,156.3269,154.148,154.1873,726990
2017-11-13,153.3629,156.8078,152.882,156.4839,1092835
2017-11-14,155.6399,158.2015,155.6399,157.7304,505405
2017-11-15,156.847,158.7315,156.0423,158.2309,589408
2017-11-16,158.7315,159.762,156.7882,156.9059,514771
2017-11-17,155.9932,158.3291,155.3552,157.593,371794
2017-11-20,157.75,158.6333,157.3967,158.6137,291135
2017-11-21,159.075,159.075,156.6508,157.22,596253
2017-11-22,157.5243,158.2996,156.3269,156.955,409829
2017-11-24,157.6126,157.8383,156.003,156.1895,180748
2017-11-27,156.1306,157.3918,155.6202,156.5428,361857
2017-11-28,156.9746,161.5777,156.4937,161.2931,758302
2017-11-29,161.9408,167.5106,161.9408,165.9746,766831
2017-11-30,166.6351,169.4546,165.7183,166.5563,1075644
2017-12-01,167.1872,167.5815,160.9567,167.0689,699563
2017-12-04,169.6321,174.1176,169.0061,169.8095,847414
2017-12-05,170.3714,171.1108,167.5618,168.0153,598387
2017-12-06,167.4829,168.7941,166.7534,167.1083,436789
2017-12-07,166.852,169.1589,165.9253,168.6462,463754
2017-12-08,169.5138,169.5847,167.8378,169.287,401721
2017-12-11,169.1786,169.356,167.0196,168.0942,658287
2017-12-12,169.3856,171.0122,168.6019,170.0461,945910
2017-12-13,170.2827,171.308,168.3209,168.5969,514155
2017-12-14,168.0646,169.2673,166.1619,166.645,479182
2017-12-15,167.7491,170.1841,167.0295,168.4786,1477992
2017-12-18,170.1841,171.6629,169.8292,171.3967,779687
2017-12-19,171.6925,172.767,170.7485,171.4361,612796
2017-12-20,171.722,173.2994,169.5236,170.0855,624432
2017-12-21,170.6573,172.2051,170.2531,171.1305,444538
2017-12-22,171.9192,172.0375,169.3462,170.6179,332650
2017-12-26,170.8052,171.446,168.6659,169.5532,308225
2017-12-27,169.8982,169.8982,168.242,169.1391,364626
2017-12-28,169.3462,169.8884,168.8434,169.8489,224175
2017-12-29,170.0363,170.6179,168.5181,168.5674,414089
2018-01-02,170.0363,170.4503,167.5914,168.7645,424392
2018-01-03,168.5871,171.096,167.966,170.6573,437559
2018-01-04,170.9432,174.2063,170.5982,170.9827,628314
2018-01-05,171.9882,173.9993,169.356,170.3714,549691
2018-01-08,170.194,170.47,169.2969,169.9771,488878
2018-01-09,170.9334,174.0683,170.7559,172.4318,539114
2018-01-10,172.767,175.8921,172.4417,174.2458,549918
2018-01-11,174.8175,175.6752,173.5458,175.4682,342002
2018-01-12,176.1484,176.9469,175.0936,175.9907,439557
2018-01-16,176.6413,177.2723,174.3345,175.2612,607856
2018-01-17,175.971,177.0652,173.112,176.6709,824808
2018-01-18,177.4497,186.0264,176.661,183.5126,1397247
2018-01-19,184.7744,186.1743,184.0548,186.1053,749565
2018-01-22,185.3364,186.3025,184.1336,186.0856,649410
2018-01-23,184.6956,187.4066,184.6068,186.1546,991937
2018-01-24,186.9334,187.377,185.4547,186.7757,637885
2018-01-25,187.3672,187.3672,184.6068,185.0012,597532
2018-01-26,185.6321,186.7658,184.4195,186.6869,434404
2018-01-29,187.0616,189.2107,186.8841,187.101,649801
2018-01-30,185.8884,188.491,185.2033,187.8699,614658
2018-01-31,187.8404,189.9451,187.1503,188.077,633101
2018-02-01,187.4756,190.1768,185.7208,190.1176,571579
2018-02-02,189.2797,191.1035,186.0264,186.5194,568288
2018-02-05,184.7744,185.9969,176.5526,177.2624,1000646
2018-02-06,172.8262,185.6913,172.8262,182.438,1421970
2018-02-07,181.2254,184.6956,180.9297,182.3493,512533
2018-02-08,182.576,182.995,175.7048,175.8231,1093409
2018-02-09,178.0905,181.3733,174.4922,180.0326,813494
2018-02-12,180.8213,184.7153,178.6327,182.1324,783191
2018-02-13,180.7424,184.6364,180.6044,183.5126,711104
2018-02-14,182.5267,189.5754,182.3,189.26,763168
2018-02-15,189.7923,190.2655,187.0911,188.3924,671150
2018-02-16,187.2292,191.488,187.2292,188.9248,821842
2018-02-20,187.8995,190.6894,187.5841,187.939,807698
2018-02-21,188.3234,193.8539,188.2051,190.0881,845904
2018-02-22,191.3894,191.695,186.1152,186.8151,642677
2018-02-23,187.5643,190.9359,187.2932,190.7683,524673
2018-02-26,191.7245,192.8287,190.1867,192.5526,660291
2018-02-27,192.8977,194.5736,189.467,189.467,507133
2018-02-28,189.8613,192.809,187.1503,187.1503,746721
2018-03-01,187.8995,189.2698,184.5822,186.1743,832222
2018-03-02,185.3626,189.4899,183.8981,189.0248,654643
2018-03-05,187.0056,193.251,184.2393,191.7664,663829
2018-03-06,192.093,193.736,189.8661,193.3401,532613
2018-03-07,192.0534,193.4391,189.8957,193.1917,594452
2018-03-08,193.9934,193.9934,189.8166,192.6968,556068
2018-03-09,194.2705,194.8446,192.4493,194.7951,804954
2018-03-12,194.2705,195.3295,192.093,192.9145,631116
2018-03-13,194.2507,194.2853,190.4995,191.0736,405967
2018-03-14,192.1326,192.3603,187.5847,188.3616,476433
2018-03-15,189.3019,189.7275,187.4114,188.3814,473822
2018-03-16,188.4111,190.3807,188.3121,188.421,1298881
2018-03-19,188.4408,189.0149,185.1746,187.3521,635919
2018-03-20,188.4012,189.1336,186.1544,186.7582,482064
2018-03-21,187.2828,190.1828,186.293,187.7084,418991
2018-03-22,184.7787,187.1442,180.4831,180.5821,906234
2018-03-23,180.5821,181.8292,175.1978,175.6927,958085
2018-03-26,179.0381,183.0218,177.9889,182.3538,819533
2018-03-27,182.908,183.492,177.1575,178.4838,511077
2018-03-28,179.0183,180.9087,177.113,178.7411,578556
2018-03-29,179.9585,182.4725,178.6916,182.4725,861567
2018-04-02,181.5224,181.9974,175.465,178.0483,586524
2018-04-03,178.9985,182.0667,178.2265,181.1463,537913
2018-04-04,178.9391,184.5312,178.4244,184.0759,506935
2018-04-05,185.3131,185.9169,182.9575,184.65,498373
2018-04-06,183.1951,184.2739,177.4643,179.8299,641493
2018-04-09,181.0176,184.8579,180.4732,180.9681,424696
2018-04-10,182.0172,185.8377,181.8836,184.5312,793201
2018-04-11,182.6111,184.5411,182.3043,183.0367,600726
2018-04-12,184.5906,186.8077,184.5609,185.2241,918191
2018-04-13,186.8671,186.8671,180.2951,181.2848,941190
2018-04-16,183.106,184.7688,178.0236,179.7111,1219669
2018-04-17,180.3346,181.9628,174.0942,175.6135,1092822
2018-04-18,176.9398,178.6422,175.564,176.2271,1057038
2018-04-19,176.534,179.1964,175.9995,178.3947,1070489
2018-04-20,178.4541,181.2749,177.9493,179.6715,936117
2018-04-23,180.008,181.8292,178.8451,180.1169,981698
2018-04-24,181.4828,183.9275,179.1964,180.4534,932418
2018-04-25,179.6913,182.8833,178.0879,180.6514,898869
2018-04-26,180.6514,182.8288,179.5329,180.592,766103
2018-04-27,180.4039,183.5415,180.4039,182.6111,759101
2018-04-30,183.0862,184.3333,180.3346,180.4039,582376
2018-05-01,179.5626,181.8292,178.4838,180.9087,854327
2018-05-02,179.9981,181.4588,177.5336,177.7514,1243924
2018-05-03,176.8705,179.3647,174.3367,177.7514,1067876
2018-05-04,176.92,180.0773,174.9899,178.6026,1002548
2018-05-07,178.8401,180.0971,176.7567,179.0677,712885
2018-05-08,178.9787,181.0968,178.2858,179.2063,748820
2018-05-09,180.3643,183.1852,179.2261,182.2251,636058
2018-05-10,182.2548,184.4817,181.1759,183.8285,531536
2018-05-11,183.9869,185.1498,183.2346,183.7394,423826
2018-05-14,184.2145,184.2739,181.9777,182.423,331691
2018-05-15,182.0469,184.4224,181.5125,182.5022,552428
2018-05-16,182.334,183.393,181.1759,182.3736,450036
2018-05-17,182.2152,182.908,180.5128,182.3637,544282
2018-05-18,181.8193,182.3736,179.9684,179.9684,487577
2018-05-21,180.4831,181.5916,179.7309,180.1862,568558
2018-05-22,180.8493,183.7097,180.107,182.0073,572850
2018-05-23,180.9186,181.8292,177.9889,178.9094,458743
2018-05-24,178.7609,178.7609,175.6135,178.0483,567399
2018-05-25,177.207,178.3155,176.5033,177.2466,424167
2018-05-29,175.0592,175.5244,168.8336,169.9817,1096967
2018-05-30,172.3077,173.2084,170.4766,172.3473,648910
2018-05-31,171.9594,173.1427,170.2293,171.1043,1037909
2018-06-01,173.262,174.9822,172.8344,173.6896,537281
2018-06-04,174.4154,175.0419,173.0542,174.0873,609808
2018-06-05,173.3913,174.0774,171.8501,173.3515,543404
2018-06-06,173.8984,177.4581,173.7144,177.4481,549607
2018-06-07,178.0248,179.1087,175.8373,176.6626,782302
2018-06-08,177.0206,177.4183,175.4296,176.1058,910838
2018-06-11,176.603,178.1541,174.4751,174.7833,871538
2018-06-12,175.0021,176.4439,172.8941,174.1668,752281
2018-06-13,174.495,175.8622,172.6256,173.4112,905666
2018-06-14,174.5646,174.6541,171.9395,173.7194,1288989
2018-06-15,173.1626,173.9978,171.154,173.7492,2243068
2018-06-18,171.8003,173.7691,171.2932,173.083,1166235
2018-06-19,171.6015,173.8884,171.333,173.3813,1223306
2018-06-20,174.3757,175.1015,172.7151,173.083,876137
2018-06-21,173.3614,174.485,172.0589,173.5404,1385903
2018-06-22,174.2166,174.7137,171.5816,171.9992,1204748
2018-06-25,171.6611,172.1484,169.4338,170.8657,662072
2018-06-26,170.7961,170.7961,168.3898,169.2151,676392
2018-06-27,170.6867,171.6512,167.3159,167.5148,987780
2018-06-28,167.5545,168.7676,166.3713,167.7236,1351145
2018-06-29,169.404,172.1285,169.1753,169.1852,1491368
2018-07-02,168.4097,169.583,167.9871,169.1256,732570
2018-07-03,169.9012,170.2939,167.8827,168.1014,383104
2018-07-05,169.3941,169.6327,167.6938,168.1213,680116
2018-07-06,167.4253,168.8969,166.8436,168.002,829492
2018-07-09,169.0361,172.3472,168.6732,171.6214,1108926
2018-07-10,171.9893,172.0788,169.6228,170.9253,1810413
2018-07-11,170.3387,171.4026,169.6128,169.8614,1043250
2018-07-12,171.2037,171.2783,167.303,167.8827,1742215
2018-07-13,167.6142,168.7477,164.5914,165.5062,2205004
2018-07-16,165.904,168.703,165.904,167.1668,1518226
2018-07-17,167.4153,168.9466,167.0574,167.5446,1312222
2018-07-18,166.9878,174.3558,165.1383,173.4907,1737890
2018-07-19,173.4112,173.5901,170.5276,171.7904,906930
2018-07-20,171.7009,173.2521,170.7364,172.0191,1287361
2018-07-23,171.9793,173.8089,171.681,173.6398,939289
2018-07-24,173.8586,174.3955,171.4623,172.2378,928337
2018-07-25,172.1285,172.4864,169.8516,171.2336,1226943
2018-07-26,171.7407,173.1427,171.502,171.9793,1455825
2018-07-27,172.4069,174.7237,171.2435,174.6043,1038242
2018-07-30,174.8828,176.3941,174.4353,174.6541,744372
2018-07-31,175.0717,175.0717,172.2378,172.3671,617551
2018-08-01,173.3018,174.485,171.7108,172.5759,741994
2018-08-02,171.3628,174.1967,170.8856,173.6597,719578
2018-08-03,173.2222,173.9779,172.1384,173.441,672621
2018-08-06,173.5603,174.316,171.9793,174.1867,664254
2018-08-07,174.5049,175.9566,174.4353,174.5845,391141
2018-08-08,174.7634,176.7521,173.6597,176.1456,418868
2018-08-09,175.9069,176.0561,174.2464,174.9424,410962
2018-08-10,172.914,173.8188,171.5816,172.9736,745822
2018-08-13,172.735,174.0077,171.7208,172.0489,627839
2018-08-14,172.556,174.9723,171.9992,174.0674,863314
2018-08-15,172.7052,173.8685,171.86,172.6654,734378
2018-08-16,173.6299,176.6228,173.4808,175.9268,722779
2018-08-17,175.7975,176.8217,174.6043,175.4992,892227
2018-08-20,175.2606,175.7478,173.7691,174.5447,848497
2018-08-21,174.6143,177.1896,174.1867,176.076,923433
2018-08-22,175.5291,176.235,174.8629,176.0064,346947
2018-08-23,175.8671,176.3146,175.0816,175.5688,519844
2018-08-24,176.2748,176.5135,175.1811,175.3103,555613
2018-08-27,175.9467,177.1101,175.3302,176.2748,527710
2018-08-28,176.8118,177.1697,175.8373,176.8217,898424
2018-08-29,176.9609,177.0504,175.5782,176.5831,717215
2018-08-30,176.2649,176.3941,174.7759,175.36,651636
2018-08-31,176.7,177.27,175.08,177.15,822121
2018-09-04,177.97,179.92,176.51,179.35,829693
2018-09-05,179.28,180.77,178.875,179.73,1175629
2018-09-06,179.29,179.83,178.23,178.64,756391
2018-09-07,179.59,179.59,177.98,178.81,675518
2018-09-10,179.42,179.96,178.44,178.51,806524
2018-09-11,178.0,179.82,177.43,178.89,639957
2018-09-12,177.74,178.35,174.37,174.45,815157
2018-09-13,174.98,174.98,170.75,171.01,1184164
2018-09-14,171.45,172.305,170.9721,171.22,694731
2018-09-17,171.25,172.3,169.42,169.72,846303
2018-09-18,169.48,169.73,168.27,169.11,859241
2018-09-19,169.31,172.4,169.31,172.02,714641
2018-09-20,172.59,174.2199,171.92,172.88,972386
2018-09-21,172.65,173.76,172.52,173.0,1417773
2018-09-24,173.27,173.45,170.05,170.15,793822
2018-09-25,171.05,171.05,168.23,168.59,817646
2018-09-26,170.11,171.0,167.05,167.39,1008860
2018-09-27,167.24,167.35,165.36,165.6,820897
2018-09-28,164.73,166.24,164.28,164.54,921125
2018-10-01,166.19,166.39,163.98,164.69,695074
2018-10-02,164.23,165.04,163.15,164.97,692180
2018-10-03,166.06,168.5,165.4,167.16,846594
2018-10-04,167.28,170.72,167.28,169.15,754786
2018-10-05,169.94,170.42,168.15,168.31,778503
2018-10-08,168.18,170.77,167.72,170.09,820265
2018-10-09,169.28,170.63,168.1201,169.33,579721
2018-10-10,169.5,170.94,165.67,165.82,894842
2018-10-11,165.43,165.66,160.39,160.45,1304816
2018-10-12,162.03,162.05,155.36,158.52,1087334
2018-10-15,158.52,160.38,157.81,159.01,763175
2018-10-16,159.77,160.14,157.33,158.73,807049
2018-10-17,159.21,163.46,156.79,161.9,1386303
2018-10-18,162.64,164.41,160.51,160.77,963458
2018-10-19,161.06,163.48,159.88,162.63,1049485
2018-10-22,164.17,164.49,158.0,158.0,1531101
2018-10-23,156.14,160.07,156.14,158.79,1159792
2018-10-24,158.41,158.65,154.33,154.65,1308047
2018-10-25,155.2,159.955,154.88,158.36,811510
2018-10-26,156.88,159.97,156.42,158.53,1131162
2018-10-29,160.99,163.21,159.96,161.55,862173
2018-10-30,161.75,163.42,160.32,163.2,1062883
2018-10-31,164.8,167.9,164.5687,165.41,892163
2018-11-01,166.08,166.92,163.64,164.0,908831
2018-11-02,164.77,166.63,162.16,164.18,933205
2018-11-05,164.05,165.5681,163.8,164.7,819987
2018-11-06,164.27,165.29,163.01,164.19,784263
2018-11-07,164.66,165.76,161.35,165.45,793352
2018-11-08,164.8,168.26,164.33,167.37,795887
2018-11-09,167.24,168.28,165.59,166.72,744234
2018-11-12,166.59,167.23,164.93,165.13,773598
2018-11-13,165.12,168.19,165.12,167.5,815365
2018-11-14,168.6,169.625,163.54,165.29,1090062
2018-11-15,163.94,168.41,163.19,168.29,984549
2018-11-16,167.04,170.0,166.66,169.04,1038399
2018-11-19,169.08,170.12,166.64,168.58,906363
2018-11-20,167.8,169.21,164.67,168.27,1337809
2018-11-21,168.71,170.47,166.39,167.83,1148719
2018-11-23,166.64,168.14,165.4292,167.25,221869
